{
    "cube": {
        "position": [0.0, 0.0, 0.0],
        "rotation": [0.0, 0.0, 0.0],
        "scale": [1.0, 1.0, 1.0],
        "vertices": [[1.0, 1.0, 1.0], [1.0, 1.0, -1.0], [1.0, -1.0, 1.0], [1.0, -1.0, -1.0], [-1.0, 1.0, 1.0], [-1.0, 1.0, -1.0], [-1.0, -1.0, 1.0], [-1.0, -1.0, -1.0]],
        "normals": [[0.5773491859436035, 0.5773491859436035, 0.5773491859436035], [0.5773491859436035, 0.5773491859436035, -0.5773491859436035], [0.5773491859436035, -0.5773491859436035, 0.5773491859436035], [0.5773491859436035, -0.5773491859436035, -0.5773491859436035], [-0.5773491859436035, 0.5773491859436035, 0.5773491859436035], [-0.5773491859436035, 0.5773491859436035, -0.5773491859436035], [-0.5773491859436035, -0.5773491859436035, 0.5773491859436035], [-0.5773491859436035, -0.5773491859436035, -0.5773491859436035]],
        "indices": [0, 1, 2, 3, 4, 5, 6, 7]
    }
}